9300
9308
9310
9320
9880
9881
3200
3201
3202
2630
1790
3570
8690
8691
2000
2018
2020
2030
2040
2050
2060
2100
2140
2170
2180
2600
2610
2660
8570
8572
8573
8850
8851
2370
3665
3668
1730
1731
9960
9961
9968
8580
8581
8582
8583
2387
2490
2491
8730
2340
1650
1651
1652
1653
1654
3130
3460
3461
3580
3581
3582
3583
2590
9290
3060
3061
1547
9120
9130
3360
3740
3742
3746
8370
3950
2530
2531
2820
2850
3190
3191
3840
2880
2150
3370
9660
9661
2930
2960
8450
3960
8000
8200
8310
8380
9255
8340
 
8420
8421
 
8660
 
9840
8540
9800
9470
9472
9473
9200
8720
2480
9070
3590
3290
3293
3294
8600
1700
1701
1702
1703
3650
1620
2570
2650
9900
9420
2910
9940
1570
9890
2440
3450
3454
3600
9000
9030
9031
9032
9040
9041
9042
9050
9051
9052
9500
9506
3890
3891
8470
3380
3381
3384
1755
1850
1851
1852
1853
2280
2288
3150
9450
9451
3545
1500
1501
1502
3945
9220
3930
8530
8531
3500
3501
3510
3511
3512
3940
3941
3870
2220
2221
2222
2223
2620
3020
2200
2270
3540
1540
1541
2230
3717
9550
9551
9552
3550
8950
8951
8952
8953
8954
8956
8958
3320
3321
1560
3730
3732
3220
3221
8830
2320
2321
2322
2323
2328
9667
3530
8650
2540
3040
2235
8480
8900
8902
8904
8906
8908
8770
8870
8490
2920
1910
1880
2950
9970
9971
2460
3140
3640
9690
9910
8300
8301
8680
8670
2550
8610
3470
3471
3472
3473
3070
3071
3078
3720
3721
3722
3723
3724
8500
8501
8510
8511
1950
9150
9770
9771
9772
8520
2430
2431
9270
3620
3621
3400
3401
3404
8920
9280
9340
8880
8860
1750
3970
3971
3000
3001
3010
3012
3018
8810
1770
2500
9570
9571
9572
2275
1630
2547
3350
8647
9080
9160
3920
1840
9920
9921
3210
3211
3212
3560
9680
9681
9688
3680
3630
3631
1830
1831
9990
9991
9992
2390
2800
2801
2811
2812
2450
3670
1860
1861
9090
8930
1785
9820
2330
8957
8760
8430
8431
8432
8433
8434
9180
2400
8890
2640
9810
3910
9850
2845
3850
8620
2560
9400
9401
9402
9403
9404
9406
2250
8400
9860
8020
8780
3660
1745
3050
3051
3052
3053
3054
2360
9700
8460
3090
3900
3990
1670
1671
1673
1674
8740
8970
8972
8978
2580
2870
2520
2380
2381
2382
2470
3770
2310
8800
9600
1760
1761
3110
3111
3118
8755
2840
2627
3270
3271
3272
2970
2900
2890
1640
9170
2860
2861
9980
9981
9982
9988
9520
9521
9830
9831
9100
9111
9112
1600
1601
1602
3800
3803
3806
8587
2940
8840
1820
9190
9140
1740
1741
1742
3080
3980
8700
-W
3390
3391
3300
3700
8820
3120
3128
2300
8630
1800
8640
3790
3791
3792
3793
3798
2290
2350
9950
9250
9185
8790
8791
8792
8793
3830
3831
3832
1780
8940
2260
9230
8560
1970
9260
8710
2110
2830
8750
2160
9790
2990
2240
2242
2243
1930
1932
1933
8210
8211
9240
9060
1980
1981
1982
9750
2980
9930
9931
9932
3520
8980
9620
3440
8377
9870
3690
9630
9636
8550
8551
8552
8553
8554
2070